((0, 0, 0, 1), 'DEAD', 0, 0, 0.0015795230865478516)
((0, 0, 1, 1), 'DEAD', 0, 0, 0.001651763916015625)
((0, 0, 2, 1), 'DEAD', 0, 0, 0.0016918182373046875)
((0, 1, 1, 0), 1456, 2701, False, 0.4347541332244873)
((0, 1, 1, 1), 1173, 2366, False, 0.4822208881378174)
((0, 1, 1, 2), 25738, 43218, False, 12.717129945755005)
((0, 1, 0, 1), 80547, 149173, False, 54.02276873588562)
((0, 1, 0, 0), 107997, 188314, False, 62.90880846977234)
((0, 0, 1, 0), 205520, 356061, False, 123.85117983818054)
((0, 1, 2, 0), 258230, 419177, True, 132.36707663536072)
((0, 0, 2, 2), 262217, 426172, True, 135.68101692199707)
((0, 0, 0, 2), 270240, 432729, True, 138.446195602417)
((0, 0, 1, 2), 239171, 410562, True, 139.1851987838745)
((0, 0, 2, 0), 255417, 428962, True, 143.72619462013245)
((0, 1, 0, 2), 257444, 434284, True, 145.3087387084961)
((0, 1, 2, 1), 235464, 429079, True, 161.3285346031189)
((0, 1, 2, 2), 246642, 410908, True, 140.22333598136902)
((1, 0, 0, 0), 'DEAD', 0, 0, 0.0035774707794189453)
((1, 0, 0, 1), 'DEAD', 0, 0, 0.0027654170989990234)
((1, 0, 0, 2), 'DEAD', 0, 0, 0.0027914047241210938)
((1, 0, 1, 0), 'DEAD', 0, 0, 0.0029380321502685547)
((1, 0, 1, 1), 'DEAD', 0, 0, 0.007799625396728516)
((1, 0, 1, 2), 'DEAD', 0, 0, 0.004974842071533203)
((1, 0, 2, 0), 'DEAD', 0, 0, 0.004927396774291992)
((1, 0, 2, 1), 'DEAD', 0, 0, 0.0029091835021972656)
((1, 0, 2, 2), 'DEAD', 0, 0, 0.0030770301818847656)
((1, 1, 0, 0), 'DEAD', 0, 0, 0.0031003952026367188)
((1, 1, 0, 1), 'DEAD', 0, 0, 0.0029387474060058594)
((1, 1, 0, 2), 'DEAD', 0, 0, 0.003371000289916992)
((1, 1, 1, 0), 'DEAD', 0, 0, 0.003462076187133789)
((1, 1, 1, 1), 'DEAD', 0, 0, 0.003610372543334961)
((1, 1, 1, 2), 'DEAD', 0, 0, 0.002606630325317383)
((1, 1, 2, 0), 'DEAD', 0, 0, 0.00554656982421875)
((1, 1, 2, 1), 'DEAD', 0, 0, 0.0032892227172851562)
((1, 1, 2, 2), 'DEAD', 0, 0, 0.002934694290161133)
((1, 2, 0, 0), 'DEAD', 0, 0, 0.0030210018157958984)
((0, 2, 0, 0), 254166, 411993, True, 132.1374807357788)
((0, 2, 0, 2), 237174, 404439, True, 133.67873358726501)
((1, 2, 1, 0), 'DEAD', 0, 0, 0.0014905929565429688)
((1, 2, 1, 1), 'DEAD', 0, 0, 0.001972198486328125)
((0, 2, 0, 1), 220338, 402224, True, 144.60388827323914)
((1, 2, 2, 0), 'DEAD', 0, 0, 0.0016393661499023438)
((0, 2, 1, 2), 225855, 400805, True, 134.1782717704773)
((0, 2, 2, 0), 246372, 413943, True, 130.35782885551453)
((0, 2, 1, 1), 232290, 410231, True, 136.28706765174866)
((0, 2, 1, 0), 233160, 417683, True, 141.776611328125)
((0, 2, 2, 1), 211743, 408957, True, 152.47443199157715)
((0, 2, 2, 2), 247248, 430051, True, 142.57363986968994)
((2, 0, 0, 2), 216052, 400164, True, 143.50142121315002)
((2, 0, 0, 0), 234468, 416830, True, 154.98404717445374)
((2, 0, 0, 1), 195993, 413399, True, 188.5352041721344)
((1, 2, 0, 2), 108161, 400317, True, 284.1214396953583)
((1, 2, 0, 1), 110549, 407665, True, 286.9982101917267)
((2, 1, 0, 0), 'DEAD', 0, 0, 0.001508951187133789)
((2, 1, 0, 1), 'DEAD', 0, 0, 0.0017621517181396484)
((2, 1, 0, 2), 'DEAD', 0, 0, 0.00513768196105957)
((2, 1, 1, 0), 'DEAD', 0, 0, 0.0024590492248535156)
((2, 1, 1, 1), 'DEAD', 0, 0, 0.0048503875732421875)
((2, 1, 1, 2), 'DEAD', 0, 0, 0.004729032516479492)
((2, 1, 2, 0), 'DEAD', 0, 0, 0.002933979034423828)
((2, 1, 2, 1), 'DEAD', 0, 0, 0.004288196563720703)
((2, 1, 2, 2), 'DEAD', 0, 0, 0.004426240921020508)
((2, 0, 1, 0), 202584, 413737, True, 183.63401341438293)
((1, 2, 1, 2), 162556, 404486, True, 238.56192111968994)
((2, 0, 1, 1), 189494, 410222, True, 201.59069275856018)
((1, 2, 2, 1), 160445, 418318, True, 260.51532220840454)
((1, 2, 2, 2), 150359, 401900, True, 256.68998861312866)
((2, 0, 2, 0), 226605, 418895, True, 159.7626039981842)
((2, 0, 1, 2), 190307, 418017, True, 201.50579738616943)
((2, 2, 0, 0), 229266, 410891, True, 151.97680830955505)
((2, 0, 2, 2), 202353, 405809, True, 160.83245539665222)
((2, 2, 0, 1), 200762, 400430, True, 165.77929639816284)
((2, 0, 2, 1), 189966, 400113, True, 185.77637028694153)
((2, 2, 0, 2), 227946, 425699, True, 147.60410952568054)
((2, 2, 1, 0), 196070, 404912, True, 155.6483428478241)
((2, 2, 1, 1), 177046, 412124, True, 162.13789796829224)
((2, 2, 2, 0), 209067, 401136, True, 107.24062204360962)
((2, 2, 1, 2), 163188, 405862, True, 166.04128694534302)
((2, 2, 2, 2), 188736, 404841, True, 81.61679077148438)
((2, 2, 2, 1), 178794, 400487, True, 93.91032862663269)
